0.994591
0.979006
0.998129
0.979021
0.989163
0.989404
0.994752
0.993627
0.996616
0.992551
0.999856
1.003877
0.986284
0.991856
1.004172
0.985170
1.000293
0.984791
0.987117
0.996930
0.996930
0.992861
0.996370
1.001882
0.990894
0.989570
0.977630
0.997579
0.997579
0.985423
0.998281
0.998281
0.987293
0.984505
0.987427
0.988369
0.987427
1.002587
1.004358
0.994968
0.996149
0.996958
1.002119
0.991766
0.998050
0.994912
1.001507
0.986698
1.011011
0.985998
1.001253
0.997364
1.000357
0.999046
0.994020
0.981960
1.006700
1.007672
0.996443
1.008781
0.991921
0.989299
0.996517
0.990983
0.995796
0.993344
0.996810
1.001902
0.997416
0.987721
0.988735
0.984082
0.997511
0.983059
0.995797
0.997861
0.995368
0.995790
0.985655
0.991352
0.992353
0.993380
1.001968
1.006174
0.988482
0.991045
1.002828
0.993025
0.989165
0.999041
0.989169
0.992585
0.983699
0.993534
0.985452
0.995209
0.995067
0.983669
0.985310
0.995291
0.993445
0.990600
0.985068
0.983827
0.997812
0.992199
0.993103
0.988314
0.983739
0.993022
0.998571
1.004927
0.993268
0.997360
0.986272
0.995130
0.991850
0.999708
0.995105
0.999698
0.993603
0.996938
0.983881
0.991289
0.992404
0.992836
1.005422
0.997943
0.988127
1.011475
0.988824
1.000325
0.996005
0.992726
0.983422
0.996826
0.992822
1.000915
1.002744
0.993867
0.977787
0.986289
0.999398
0.993679
1.000007
0.990009
0.994556
0.994734
0.986353
0.993711
0.996186
0.998993
0.995610
0.992875
0.987251
0.995791
0.983318
0.996780
0.994586
0.985040
0.990251
0.994921
0.992163
0.982380
0.987995
0.992489
0.988179
0.989058
0.993136
1.002053
0.997023
0.985017
0.990466
0.992113
0.996805
0.996856
0.989833
0.997031
0.980819
0.985564
0.996041
0.999785
0.984710
0.992019
0.983981
0.982407
0.980710
1.009707
0.995838
0.993426
0.984768
0.985328
1.012663
1.001157
0.990833
0.994211
0.992888
0.993008
1.009047
0.992957
1.006767
0.991457
0.988645
0.993827
0.994855
0.995967
1.003299
1.002729
0.986784
0.986846
1.006665
0.994893
0.997181
0.990357
0.996588
1.001327
1.006577
0.996403
0.997907
0.995503
0.996436
0.992032
0.987467
0.993911
0.982509
0.988278
0.993616
1.004170
0.996970
0.997098
0.993353
0.989840
0.988602
0.990012
0.997164
1.002613
0.988721
0.999575
0.993636
0.999864
0.992095
1.000950
1.005994
1.000210
0.992039
0.998334
0.981418
1.005355
0.982587
0.997149
0.994597
0.986517
0.999793
0.996708
0.986461
0.988050
0.979551
0.999294
0.994681
0.992954
1.005125
0.997267
0.996192
1.008519
0.981150
0.994696
0.988836
0.997643
0.995278
0.986630
0.990953
1.001895
0.989788
0.992251
0.991651
0.990386
0.994325
0.996475
0.986316
0.983561
0.992196
0.993933
0.988271
0.987934
0.993149
0.991829
0.984764
0.992495
0.994105
0.993676
0.986978
1.006287
0.994489
0.984274
1.003184
0.982917
0.996877
1.000331
1.000602
0.998639
0.994321
1.007045
0.990382
0.998078
0.989866
0.985405
1.000371
0.989459
0.992421
1.001026
0.986627
0.986009
0.997727
0.993467
0.997468
1.004246
0.981963
0.991531
0.999849
0.992415
0.992415
0.993384
0.991639
0.992089
0.992089
0.985802
0.979433
0.998002
0.998002
0.999538
0.991464
1.000241
1.000241
1.000780
0.986881
1.000203
1.000203
0.984349
0.994781
0.996683
0.993177
0.998927
1.001208
0.991431
0.991431
0.989827
0.983670
0.987419
0.996505
0.983545
0.993441
0.995686
1.006933
0.993457
0.996065
0.988613
0.985880
0.992544
0.987788
0.989474
0.996511
0.991021
0.996517
0.990446
0.995972
0.995309
0.998872
1.001125
1.005715
1.002603
0.995338
0.997596
0.994470
0.991929
0.986055
0.998234
0.989680
0.996277
0.996424
1.000947
1.000947
0.994969
0.994818
1.011002
1.011002
0.997806
0.990274
1.006849
1.006849
0.990342
0.992702
0.991942
0.997071
0.990772
1.004945
0.984921
0.996167
0.983890
0.978277
0.978277
0.999076
1.008848
0.996893
