0.674803
0.661828
0.666230
0.666570
0.667592
0.667199
0.663564
0.669218
0.667908
0.668171
0.670148
0.666956
0.680645
0.666411
0.665945
0.668780
0.668785
0.673407
0.664523
0.675132
0.669927
0.671544
0.661099
0.673608
0.671805
0.667385
0.670498
0.669217
0.669980
0.669868
0.664853
0.673105
0.668286
0.676201
0.666285
0.667044
0.670919
0.667620
0.666359
0.677223
0.668119
0.665011
0.666906
0.667362
0.668232
0.659173
0.671350
0.666164
0.663564
0.671502
0.667334
0.665715
0.666447
0.673322
0.664487
0.677349
0.666066
0.666749
0.667728
0.667434
0.675155
0.671180
0.661791
0.667731
0.669779
0.668562
0.674280
0.672519
0.665156
0.671479
0.679245
0.669854
0.663918
0.668756
0.675503
0.662213
0.663137
0.668634
0.671487
0.666931
0.680478
0.676855
0.675869
0.668904
0.677092
0.666577
0.663384
0.669925
0.663034
0.664230
0.665130
0.669524
0.669940
0.671250
0.671627
0.665106
0.668068
0.676066
0.665494
0.668250
0.665432
0.668882
0.663974
0.663488
0.666368
0.668732
0.668180
0.661639
0.664198
0.675217
0.671057
0.667227
0.659755
0.669671
0.672431
0.664420
0.673512
0.666865
0.666993
0.667440
0.663629
0.666349
0.659760
0.669744
0.665432
0.674418
0.664253
0.667708
0.669470
0.666200
0.672984
0.671535
0.661464
0.664625
0.667831
0.671047
0.667793
0.673754
0.668227
0.665296
0.672436
0.664460
0.668391
0.667088
0.666091
0.673552
0.670734
0.671294
0.663132
0.673369
0.668201
0.665255
0.658906
0.670162
0.665368
0.668995
0.670219
0.661006
0.669153
0.669571
0.668383
0.667193
0.667565
0.667152
0.666790
0.659736
0.664717
0.666484
0.667549
0.672645
0.673869
0.664105
0.667838
0.675777
0.668917
0.668106
0.673044
0.669449
0.662843
0.668188
0.664640
0.665913
0.664585
0.667468
0.667520
0.657368
0.669762
0.669026
0.669286
0.670041
0.670308
0.661666
0.667480
0.677104
0.663294
0.669102
0.668837
0.666071
0.671564
0.675018
0.664140
0.665485
0.663441
0.669722
0.675284
0.674683
0.671195
0.678212
0.662883
0.669955
0.664526
0.673701
0.657508
0.671986
0.667681
0.668816
0.666262
0.661065
0.667346
0.672802
0.669802
0.674213
0.673471
0.668325
0.669798
0.675383
0.669547
0.663258
0.667124
0.668144
0.669964
0.673902
0.669112
0.665990
0.668530
0.668655
0.663096
0.675577
0.668259
0.674794
0.670996
0.672516
0.665630
0.664020
0.670316
0.676081
0.669534
0.671495
0.667781
0.667781
0.670945
0.667256
0.669191
0.668272
0.666996
0.662446
0.665607
0.670472
0.672574
0.665056
0.668088
0.668088
0.669502
0.664433
0.666523
0.664397
0.675132
0.674260
0.662847
0.668004
0.671940
0.671940
0.663474
0.672051
0.669888
0.667522
0.669132
0.662437
0.675493
0.669344
0.661767
0.661992
0.667731
0.667252
0.674703
0.671327
0.667348
0.667120
0.667305
0.681944
0.673498
0.670193
0.664478
0.667568
0.668482
0.664671
0.660334
0.662260
0.676695
0.668363
0.663593
0.667564
0.673850
0.667872
0.666008
0.671441
0.666979
0.663583
0.673873
0.661395
0.664763
0.663831
0.669809
0.673649
0.675238
0.670157
0.668843
0.673691
0.673004
0.672820
0.683155
0.669784
0.665477
0.665892
0.664998
0.664998
0.663929
0.671678
0.665150
0.665150
0.671080
0.670837
0.666068
0.666733
0.668889
0.671950
0.665726
0.664784
0.663067
0.667172
0.660812
0.660812
0.674410
0.666032
0.672312
0.672312
0.667599
0.664476
0.668780
0.668780
0.671129
0.670703
0.661012
0.661012
0.674846
0.663840
0.671361
0.671361
0.664883
0.663863
0.670670
0.670670
0.672994
0.663893
0.666947
0.666947
0.671286
0.677980
0.668673
0.668673
0.671431
0.663568
0.669968
0.669968
0.674783
0.674743
0.676065
0.676065
0.680075
0.672667
0.666342
0.666342
0.674173
0.669784
0.670261
0.670261
0.668319
0.668087
0.668101
0.669292
0.673121
0.668542
0.665025
0.671764
0.671164
0.665560
0.667560
0.668109
0.662001
0.671403
0.667319
0.671983
0.662591
0.662965
0.664952
0.668341
0.667189
0.669003
0.667788
0.663151
0.665021
0.668558
